0: []
1: []
2: []
3: [10.10003662109375, 13.70001220703125, 9.60003662109375, 9.60003662109375, 14.50006103515625, 10.60003662109375, 9.00006103515625, 11.50006103515625, 13.60003662109375, 12.60003662109375, 13.00006103515625, 14.10003662109375, 14.60003662109375, 15.10003662109375, 13.10003662109375, 12.9000244140625, 14.60003662109375, 12.300048828125, 9.800048828125, 13.60003662109375, 14.50006103515625, 12.70001220703125, 20.70001220703125]
4: [6.9000244140625, 7.20001220703125, 7.10003662109375, 7.10003662109375, 7.50006103515625, 9.00006103515625, 5.60003662109375, 6.60003662109375, 8.4000244140625, 6.800048828125, 6.50006103515625, 8.50006103515625, 7.50006103515625, 8.9000244140625, 5.9000244140625, 6.70001220703125, 9.00006103515625, 6.60003662109375, 7.10003662109375, 8.50006103515625, 7.60003662109375, 8.50006103515625, 7.60003662109375, 8.00006103515625, 7.300048828125, 6.300048828125, 7.70001220703125, 8.20001220703125, 10.10003662109375, 9.10003662109375, 7.9000244140625, 10.800048828125, 7.9000244140625, 7.800048828125, 9.20001220703125, 8.00006103515625, 9.10003662109375, 6.10003662109375, 8.20001220703125, 8.9000244140625, 8.50006103515625, 6.20001220703125, 8.300048828125, 6.70001220703125, 7.50006103515625, 8.00006103515625, 9.00006103515625, 8.00006103515625, 7.4000244140625, 8.50006103515625, 9.00006103515625, 6.60003662109375, 6.9000244140625, 7.50006103515625, 6.50006103515625, 7.10003662109375, 7.00006103515625, 9.70001220703125, 8.10003662109375, 7.10003662109375, 6.50006103515625, 8.60003662109375, 8.10003662109375, 8.00006103515625, 6.300048828125, 7.50006103515625, 8.70001220703125]
5: [5.00006103515625, 5.50006103515625, 5.10003662109375, 5.10003662109375, 4.800048828125, 5.00006103515625, 4.00006103515625, 3.800048828125, 4.60003662109375]
6: [3.300048828125]
7: []
8: []
9: []
10: []
