0: []
1: []
2: [17.1326904296875]
3: [9.8150634765625, 10.87744140625, 10.86102294921875, 11.6630859375, 10.8470458984375, 12.63909912109375, 12.3497314453125, 15.14599609375, 10.49847412109375, 10.455322265625, 11.5218505859375, 10.9267578125, 11.446044921875, 10.48699951171875, 9.4490966796875, 10.8470458984375, 12.64453125, 12.63909912109375, 10.20587158203125, 12.63909912109375, 11.254638671875, 12.53326416015625, 11.16766357421875, 11.6763916015625, 11.20257568359375, 11.63970947265625, 10.455322265625, 9.73016357421875, 10.55029296875, 12.68310546875, 12.1182861328125, 11.48785400390625, 10.7950439453125, 12.03857421875, 10.2845458984375, 11.9169921875, 15.09027099609375, 13.1776123046875, 12.63909912109375, 11.20257568359375]
4: [8.942626953125, 8.84423828125, 9.533935546875, 8.0511474609375, 9.225830078125, 7.52880859375, 9.4453125, 8.5887451171875, 8.86553955078125, 8.05438232421875, 8.304931640625, 8.37030029296875, 8.782958984375, 8.512939453125, 8.3045654296875, 8.79302978515625, 7.8194580078125, 7.51800537109375, 7.26348876953125, 8.30462646484375, 8.33544921875, 8.16729736328125, 8.2393798828125, 9.03521728515625, 7.51104736328125, 8.80072021484375, 7.95233154296875, 9.951416015625, 7.377685546875, 8.05615234375, 9.8382568359375, 7.7457275390625, 7.2742919921875, 7.815673828125, 7.2684326171875, 9.07843017578125, 8.07489013671875, 7.44940185546875, 8.0316162109375, 8.33099365234375, 8.186279296875, 9.04437255859375, 7.95233154296875, 8.49578857421875, 8.26971435546875, 8.6773681640625, 9.0589599609375, 8.795654296875, 7.810302734375, 9.0452880859375, 10.4169921875, 8.2093505859375, 8.066162109375, 8.641357421875]
5: [5.28448486328125, 6.514404296875, 5.19305419921875, 5.75616455078125, 5.412841796875]
6: []
7: []
8: []
9: []
