0: []
1: []
2: []
3: [11.44024658203125, 12.037841796875]
4: [9.41461181640625, 8.81524658203125, 8.73004150390625, 10.97503662109375, 10.479248046875, 8.96453857421875, 9.4434814453125, 9.95965576171875, 10.1806640625, 11.4298095703125, 9.80096435546875, 8.921142578125, 9.14056396484375, 8.806640625, 9.38134765625, 9.14056396484375, 9.16204833984375, 8.1087646484375, 10.3154296875, 9.45806884765625, 8.8560791015625, 8.578125, 11.07965087890625, 9.1646728515625, 8.57171630859375, 10.0389404296875, 8.85400390625, 9.1763916015625, 10.61370849609375, 8.39044189453125, 9.83758544921875, 8.4208984375, 10.77301025390625, 9.60345458984375, 10.63275146484375, 9.0899658203125, 8.7198486328125, 9.078369140625, 9.3924560546875, 9.91644287109375, 8.76513671875, 8.44049072265625, 8.75433349609375, 9.91680908203125, 10.71624755859375, 9.35791015625, 9.0531005859375, 9.407958984375, 8.574951171875, 9.51629638671875, 9.9312744140625]
5: [7.70343017578125, 7.3560791015625, 8.08074951171875, 6.78857421875, 8.2713623046875, 7.9852294921875, 6.7552490234375, 8.115966796875, 8.16546630859375, 7.2388916015625, 8.06610107421875, 7.005859375, 7.2872314453125, 8.7861328125, 7.21710205078125, 7.91241455078125, 8.48785400390625, 6.46875, 6.36651611328125, 6.6640625, 8.978759765625, 6.987548828125, 7.8804931640625, 6.7086181640625, 7.3448486328125, 8.38446044921875, 6.5968017578125, 7.87469482421875, 7.47955322265625, 7.02178955078125, 7.42767333984375, 7.27337646484375, 7.754150390625, 7.23333740234375, 8.04962158203125, 7.38995361328125, 7.47027587890625, 8.1839599609375, 7.32025146484375, 6.6116943359375, 6.73992919921875]
6: [6.52587890625, 5.6236572265625, 5.01263427734375, 5.2186279296875, 5.1234130859375, 5.1907958984375]
7: []
8: []
9: []
10: []
11: []
12: []
13: []
