0: []
1: []
2: []
3: [12.27227783203125, 10.91546630859375, 12.61260986328125, 11.17864990234375, 11.3626708984375, 11.46185302734375, 11.4371337890625, 10.7030029296875, 10.63623046875, 10.924560546875, 12.546875, 12.03369140625, 11.962646484375, 11.30517578125, 12.43310546875, 11.62200927734375, 13.313720703125, 12.5670166015625, 11.02783203125]
4: [8.9947509765625, 8.52630615234375, 7.91278076171875, 9.0048828125, 8.21783447265625, 9.82122802734375, 8.92620849609375, 8.59381103515625, 10.196533203125, 9.07275390625, 8.8553466796875, 9.375, 9.21136474609375, 7.743408203125, 8.43206787109375, 8.966552734375, 8.154052734375, 9.267578125, 7.98651123046875, 8.50628662109375, 7.7138671875, 8.25164794921875, 8.5379638671875, 8.94525146484375, 9.14984130859375, 8.875, 9.18634033203125, 9.03045654296875, 8.38153076171875, 9.1732177734375, 9.47479248046875, 9.8607177734375, 8.94525146484375, 9.11700439453125, 7.92694091796875, 8.5994873046875, 7.73583984375, 7.87542724609375, 7.5343017578125, 8.80084228515625, 8.4664306640625, 9.70965576171875, 8.53741455078125, 8.51055908203125, 8.77337646484375, 8.4979248046875, 7.99658203125, 8.607177734375, 8.9854736328125, 8.52117919921875, 8.87908935546875, 8.38385009765625, 7.93682861328125, 9.85186767578125, 9.577392578125, 9.32489013671875, 7.93035888671875, 8.8809814453125, 9.63031005859375, 9.2744140625, 10.73663330078125, 8.23638916015625, 8.81402587890625, 9.31378173828125, 8.57928466796875, 7.86199951171875]
5: [5.9989013671875, 7.3724365234375, 6.30853271484375, 6.40618896484375, 6.2691650390625, 7.08526611328125, 6.46875, 6.74749755859375, 7.055419921875, 6.50384521484375, 6.65863037109375, 6.6298828125, 6.631103515625, 6.399169921875, 6.38177490234375]
6: []
7: []
8: []
9: []
10: []
