0: []
1: []
2: []
3: []
4: [8.10003662109375, 8.60003662109375, 8.9000244140625, 8.10003662109375, 9.10003662109375, 9.00006103515625, 9.10003662109375, 8.300048828125, 9.00006103515625, 9.60003662109375, 10.00006103515625, 8.10003662109375, 7.800048828125, 9.50006103515625, 8.70001220703125, 9.60003662109375, 9.10003662109375, 8.60003662109375, 7.70001220703125, 7.60003662109375, 9.50006103515625, 9.800048828125, 8.60003662109375, 9.00006103515625, 9.00006103515625, 8.9000244140625, 8.60003662109375, 7.60003662109375, 7.4000244140625, 9.00006103515625, 10.10003662109375, 7.9000244140625, 7.00006103515625, 8.00006103515625, 8.300048828125, 8.10003662109375, 11.60003662109375]
5: [7.10003662109375, 7.300048828125, 6.50006103515625, 6.00006103515625, 8.60003662109375, 6.9000244140625, 5.60003662109375, 5.9000244140625, 8.00006103515625, 5.800048828125, 7.50006103515625, 8.10003662109375, 7.60003662109375, 6.50006103515625, 8.20001220703125, 7.10003662109375, 7.800048828125, 7.20001220703125, 6.50006103515625, 8.00006103515625, 7.70001220703125, 5.70001220703125, 6.300048828125, 6.9000244140625, 6.00006103515625, 6.60003662109375, 6.60003662109375, 6.00006103515625, 7.00006103515625, 6.300048828125, 7.20001220703125, 6.20001220703125, 6.4000244140625, 6.50006103515625, 7.10003662109375, 5.60003662109375, 6.00006103515625, 6.60003662109375, 6.00006103515625, 7.10003662109375, 7.300048828125, 7.800048828125, 6.70001220703125, 7.50006103515625, 6.20001220703125, 7.50006103515625, 8.50006103515625, 7.300048828125, 7.20001220703125, 7.20001220703125, 7.300048828125, 6.50006103515625, 7.00006103515625, 6.10003662109375, 5.60003662109375, 6.10003662109375, 7.10003662109375, 6.70001220703125]
6: [5.50006103515625, 4.800048828125, 6.60003662109375, 6.00006103515625, 4.800048828125]
7: []
8: []
9: []
10: []
11: []
12: []
13: []
14: []
15: []
