0: []
1: []
2: [17.10003662109375]
3: [12.10003662109375, 11.60003662109375, 13.70001220703125, 15.00006103515625, 14.20001220703125, 14.60003662109375, 12.4000244140625, 9.300048828125, 13.70001220703125, 10.9000244140625, 11.4000244140625, 11.10003662109375, 10.60003662109375, 9.70001220703125, 11.00006103515625, 13.70001220703125, 14.10003662109375, 12.00006103515625, 10.4000244140625, 11.9000244140625, 12.00006103515625, 11.10003662109375, 14.300048828125, 13.10003662109375, 11.300048828125, 14.60003662109375, 9.00006103515625, 11.800048828125, 11.50006103515625, 11.10003662109375, 12.00006103515625, 15.20001220703125, 12.10003662109375, 17.10003662109375, 13.00006103515625, 12.60003662109375, 20.00006103515625, 10.50006103515625, 12.300048828125]
4: [6.9000244140625, 7.50006103515625, 7.300048828125, 6.60003662109375, 6.4000244140625, 7.60003662109375, 8.20001220703125, 7.300048828125, 7.300048828125, 6.10003662109375, 7.60003662109375, 6.300048828125, 9.60003662109375, 6.00006103515625, 5.50006103515625, 6.50006103515625, 6.10003662109375, 8.20001220703125, 6.60003662109375, 8.300048828125, 7.50006103515625, 9.60003662109375, 9.9000244140625, 6.50006103515625, 8.300048828125, 9.00006103515625, 7.70001220703125, 8.50006103515625, 8.20001220703125, 6.800048828125, 6.10003662109375, 6.50006103515625, 9.300048828125, 8.60003662109375, 6.50006103515625, 6.50006103515625, 6.00006103515625, 6.00006103515625, 7.10003662109375, 6.10003662109375, 5.10003662109375, 8.300048828125, 9.50006103515625, 5.70001220703125, 7.00006103515625, 7.50006103515625, 9.00006103515625, 10.50006103515625, 6.00006103515625, 8.800048828125]
5: [4.10003662109375, 4.00006103515625, 4.10003662109375, 5.10003662109375, 6.50006103515625, 5.20001220703125, 4.60003662109375, 5.50006103515625, 4.00006103515625]
6: [5.10003662109375]
7: []
8: []
9: []
